@subtask samples
manual sample-01.in

@subtask line
gencode 10 inc_line 2 1000 10000 inc_line 3 1000 10000 inc_line 4 1000 10000 inc_line 1000 1000 10000 random_line 10 1000 10000 random_line 100 1000 10000 random_line 1000 1000 10000 random_line 999 1000 10000 random_line 998 1000 10000 random_line 997 1000 10000 0
gencode 10 random_line 1000 1000 10000 random_line 999 1000 10000 random_line 998 1000 10000 random_line 997 1000 10000 random_line 996 1000 10000 random_line 995 1000 10000 random_line 994 1000 10000 random_line 993 1000 10000 random_line 992 1000 10000 random_line 991 1000 10000 0
gencode 10 random_line 2 1000 10000 random_line 2 1000 10000 random_line 2 1000 10000 random_line 2 1000 10000 random_line 2 1000 10000 random_line 2 1000 10000 random_line 2 1000 10000 random_line 2 1000 10000 random_line 2 1000 10000 random_line 2 1000 10000 0
gencode 10 random_line 3 1000 10000 random_line 3 1000 10000 random_line 3 1000 10000 random_line 3 1000 10000 random_line 3 1000 10000 random_line 3 1000 10000 random_line 3 1000 10000 random_line 3 1000 10000 random_line 3 1000 10000 random_line 3 1000 10000 0
gencode 10 random_line 4 1000 10000 random_line 4 1000 10000 random_line 4 1000 10000 random_line 4 1000 10000 random_line 4 1000 10000 random_line 4 1000 10000 random_line 4 1000 10000 random_line 4 1000 10000 random_line 4 1000 10000 random_line 4 1000 10000 0
gencode 10 random_line 1000 1000 10000 random_line 1000 1000 10000 random_line 1000 1000 10000 random_line 1000 1000 10000 random_line 1000 1000 10000 random_line 1000 1000 10000 random_line 1000 1000 10000 random_line 1000 1000 10000 random_line 1000 1000 10000 random_line 1000 1000 10000 0
gencode 1 random_line 1000 1000 100000 0
gen-short-line 4 1000 0
gen-short-line 6 1000 0
gen-short-line 3 1000 0

@subtask binary-tree
gencode 10 binary_tree 1000 1000 10000 binary_tree 999 1000 10000 binary_tree 998 1000 10000 binary_tree 997 1000 10000 binary_tree 996 1000 10000 binary_tree 995 1000 10000 binary_tree 994 1000 10000 binary_tree 993 1000 10000 binary_tree 992 1000 10000 binary_tree 991 1000 10000 0
gencode 10 binary_tree 2 1000 10000 binary_tree 3 1000 10000 binary_tree 4 1000 10000 binary_tree 31 1000 10000 binary_tree 32 1000 10000 binary_tree 127 1000 10000 binary_tree 128 1000 10000 binary_tree 511 1000 10000 binary_tree 512 1000 10000 binary_tree 1000 1000 10000 0
gencode 10 binary_tree 2 1000 10000 binary_tree 2 1000 10000 binary_tree 2 1000 10000 binary_tree 2 1000 10000 binary_tree 2 1000 10000 binary_tree 2 1000 10000 binary_tree 2 1000 10000 binary_tree 2 1000 10000 binary_tree 2 1000 10000 binary_tree 2 1000 10000 0
gencode 10 binary_tree 3 1000 10000 binary_tree 3 1000 10000 binary_tree 3 1000 10000 binary_tree 3 1000 10000 binary_tree 3 1000 10000 binary_tree 3 1000 10000 binary_tree 3 1000 10000 binary_tree 3 1000 10000 binary_tree 3 1000 10000 binary_tree 3 1000 10000 0
gencode 10 binary_tree 4 1000 10000 binary_tree 4 1000 10000 binary_tree 4 1000 10000 binary_tree 4 1000 10000 binary_tree 4 1000 10000 binary_tree 4 1000 10000 binary_tree 4 1000 10000 binary_tree 4 1000 10000 binary_tree 4 1000 10000 binary_tree 4 1000 10000 0
gencode 1 binary_tree 1000 1000 100000 0

@subtask star
gencode 10 inc_line 2 1000000 10000 inc_line 3 1000000 10000 inc_line 4 1000000 10000 inc_line 1000 1000000 10000 random_line 10 1000000 10000 random_line 100 1000000 10000 random_line 1000 1000000 10000 random_line 999 1000000 10000 random_line 998 1000000 10000 random_line 997 1000000 10000 0
gencode 10 random_line 1000 1000000 10000 random_line 999 1000000 10000 random_line 998 1000000 10000 random_line 997 1000000 10000 random_line 996 1000000 10000 random_line 995 1000000 10000 random_line 994 1000000 10000 random_line 993 1000000 10000 random_line 992 1000000 10000 random_line 991 1000000 10000 0
gencode 10 random_line 2 1000000 10000 random_line 2 1000000 10000 random_line 2 1000000 10000 random_line 2 1000000 10000 random_line 2 1000000 10000 random_line 2 1000000 10000 random_line 2 1000000 10000 random_line 2 1000000 10000 random_line 2 1000000 10000 random_line 2 1000000 10000 0
gencode 10 random_line 3 1000000 10000 random_line 3 1000000 10000 random_line 3 1000000 10000 random_line 3 1000000 10000 random_line 3 1000000 10000 random_line 3 1000000 10000 random_line 3 1000000 10000 random_line 3 1000000 10000 random_line 3 1000000 10000 random_line 3 1000000 10000 0
gencode 10 random_line 4 1000000 10000 random_line 4 1000000 10000 random_line 4 1000000 10000 random_line 4 1000000 10000 random_line 4 1000000 10000 random_line 4 1000000 10000 random_line 4 1000000 10000 random_line 4 1000000 10000 random_line 4 1000000 10000 random_line 4 1000000 10000 0
gencode 10 random_line 1000 1000000 10000 random_line 1000 1000000 10000 random_line 1000 1000000 10000 random_line 1000 1000000 10000 random_line 1000 1000000 10000 random_line 1000 1000000 10000 random_line 1000 1000000 10000 random_line 1000 1000000 10000 random_line 1000 1000000 10000 random_line 1000 1000000 10000 0
gencode 1 random_line 1000 1000000 100000 0
gen-short-line 4 1000000 0
gen-short-line 6 1000000 0
gen-short-line 3 1000000 0
gencode 10 random_star 4 1000000 10000 0 2 random_star 4 1000000 10000 0 2 random_star 4 1000000 10000 0 2 random_star 4 1000000 10000 0 2 random_star 4 1000000 10000 0 2 random_star 4 1000000 10000 0 3 random_star 4 1000000 10000 0 3 random_star 4 1000000 10000 0 3 random_star 4 1000000 10000 0 3 random_star 4 1000000 10000 0 3 0
gencode 10 random_star 2 1000000 1000 0 1 random_star 1000 1000000 11000 0 1 random_star 1000 1000000 11000 0 2 random_star 1000 1000000 11000 10 3 random_star 1000 1000000 11000 25 5 random_star 1000 1000000 11000 0 10 random_star 1000 1000000 11000 0 50 random_star 1000 1000000 11000 5 100 random_star 1000 1000000 11000 25 200 random_star 1000 1000000 11000 125 500 0
gencode 10 random_star 1000 1000000 10000 0 999 random_star 1000 1000000 10000 0 200 random_star 1000 1000000 10000 5 150 random_star 1000 1000000 10000 100 100 random_star 1000 1000000 10000 0 40 random_star 1000 1000000 10000 5 30 random_star 1000 1000000 10000 100 20 random_star 1000 1000000 10000 0 3 random_star 1000 1000000 10000 5 3 random_star 1000 1000000 10000 100 3 0
gencode 1 random_star 1000 1000000 100000 0 30 0
gen-special 10 1000000 0 96 7685 0
gen-special 10 1000000 0 541 321 0
gen-special 10 1000000 0 1000 71415 0

@subtask exponential
gencode 10 random_line 2 1000000000 10000 random_line 2 1000000000 10000 random_line 2 1000000000 10000 random_line 2 1000000000 10000 random_line 2 1000000000 10000 random_line 2 1000000000 10000 random_line 2 1000000000 10000 random_line 2 1000000000 10000 random_line 2 1000000000 10000 random_line 2 1000000000 10000 0
gencode 10 random_line 3 1000000000 10000 random_line 3 1000000000 10000 random_line 3 1000000000 10000 random_line 3 1000000000 10000 random_line 3 1000000000 10000 random_line 3 1000000000 10000 random_line 3 1000000000 10000 random_line 3 1000000000 10000 random_line 3 1000000000 10000 random_line 3 1000000000 10000 0
gencode 10 random_line 4 1000000000 10000 random_line 4 1000000000 10000 random_line 4 1000000000 10000 random_line 4 1000000000 10000 random_line 4 1000000000 10000 random_line 4 1000000000 10000 random_line 4 1000000000 10000 random_line 4 1000000000 10000 random_line 4 1000000000 10000 random_line 4 1000000000 10000 0
gen-short-line 4 1000000000 0
gen-short-line 6 1000000000 0
gen-short-line 3 1000000000 0
gencode 10 random_star 4 1000000000 10000 0 2 random_star 4 1000000000 10000 0 2 random_star 4 1000000000 10000 0 2 random_star 4 1000000000 10000 0 2 random_star 4 1000000000 10000 0 2 random_star 4 1000000000 10000 0 3 random_star 4 1000000000 10000 0 3 random_star 4 1000000000 10000 0 3 random_star 4 1000000000 10000 0 3 random_star 4 1000000000 10000 0 3 0
gencode 10 binary_tree 2 1000000000 10000 binary_tree 2 1000000000 10000 binary_tree 2 1000000000 10000 binary_tree 2 1000000000 10000 binary_tree 2 1000000000 10000 binary_tree 2 1000000000 10000 binary_tree 2 1000000000 10000 binary_tree 2 1000000000 10000 binary_tree 2 1000000000 10000 binary_tree 2 1000000000 10000 0
gencode 10 binary_tree 3 1000000000 10000 binary_tree 3 1000000000 10000 binary_tree 3 1000000000 10000 binary_tree 3 1000000000 10000 binary_tree 3 1000000000 10000 binary_tree 3 1000000000 10000 binary_tree 3 1000000000 10000 binary_tree 3 1000000000 10000 binary_tree 3 1000000000 10000 binary_tree 3 1000000000 10000 0
gencode 10 binary_tree 4 1000000000 10000 binary_tree 4 1000000000 10000 binary_tree 4 1000000000 10000 binary_tree 4 1000000000 10000 binary_tree 4 1000000000 10000 binary_tree 4 1000000000 10000 binary_tree 4 1000000000 10000 binary_tree 4 1000000000 10000 binary_tree 4 1000000000 10000 binary_tree 4 1000000000 10000 0
gen-all-iso 0 10 0
gen-all-iso 10 20 0
gen-all-iso 20 30 0
gen-all-iso 30 40 0
gen-all-iso 40 46 0
gencode 10 inc_line 8 1000000000 10000 random_line 8 1000000000 10000 binary_tree 8 1000000000 10000 random_star 8 1000000000 10000 10 3 random_star 8 1000000000 10000 5 5 random_star 8 1000000000 10000 0 7 random_tree 8 1000000000 10000 -50 random_tree 8 1000000000 10000 -5 random_tree 8 1000000000 10000 5 random_tree 8 1000000000 10000 50 0
gencode 10 random_line 8 1000000000 10000 random_line 8 1000000000 10000 random_star 8 1000000000 10000 0 3 random_star 8 1000000000 10000 5 4 random_star 8 1000000000 10000 2 5 random_star 8 1000000000 10000 10 6 random_star 8 1000000000 10000 0 7 random_tree 8 1000000000 10000 -10 random_tree 8 1000000000 10000 0 random_tree 8 1000000000 10000 50 0
gencode 10 random_tree 8 1000000000 10000 -125 random_tree 8 1000000000 10000 -25 random_tree 8 1000000000 10000 -5 random_tree 8 1000000000 10000 -3 random_tree 8 1000000000 10000 -1 random_tree 8 1000000000 10000 1 random_tree 8 1000000000 10000 3 random_tree 8 1000000000 10000 5 random_tree 8 1000000000 10000 25 random_tree 8 1000000000 10000 125 0
gencode 10 random_tree 8 1000000000 10000 -125 random_tree 8 1000000000 10000 -25 random_tree 8 1000000000 10000 -5 random_tree 8 1000000000 10000 -3 random_tree 8 1000000000 10000 -1 random_tree 8 1000000000 10000 1 random_tree 8 1000000000 10000 3 random_tree 8 1000000000 10000 5 random_tree 8 1000000000 10000 25 random_tree 8 1000000000 10000 125 0
gencode 10 random_tree 8 1000000000 10000 -125 random_tree 8 1000000000 10000 -25 random_tree 8 1000000000 10000 -5 random_tree 8 1000000000 10000 -3 random_tree 8 1000000000 10000 -1 random_tree 8 1000000000 10000 1 random_tree 8 1000000000 10000 3 random_tree 8 1000000000 10000 5 random_tree 8 1000000000 10000 25 random_tree 8 1000000000 10000 125 0

@subtask partial
gencode 10 inc_line 2 1000000000 10000 inc_line 3 1000000000 10000 inc_line 4 1000000000 10000 inc_line 1000 1000000000 10000 random_line 10 1000000000 10000 random_line 100 1000000000 10000 random_line 1000 1000000000 10000 random_line 999 1000000000 10000 random_line 998 1000000000 10000 random_line 997 1000000000 10000 1
gencode 10 random_line 1000 1000000000 10000 random_line 999 1000000000 10000 random_line 998 1000000000 10000 random_line 997 1000000000 10000 random_line 996 1000000000 10000 random_line 995 1000000000 10000 random_line 994 1000000000 10000 random_line 993 1000000000 10000 random_line 992 1000000000 10000 random_line 991 1000000000 10000 1
gencode 10 random_line 2 1000000000 10000 random_line 2 1000000000 10000 random_line 2 1000000000 10000 random_line 2 1000000000 10000 random_line 2 1000000000 10000 random_line 2 1000000000 10000 random_line 2 1000000000 10000 random_line 2 1000000000 10000 random_line 2 1000000000 10000 random_line 2 1000000000 10000 1
gencode 10 random_line 3 1000000000 10000 random_line 3 1000000000 10000 random_line 3 1000000000 10000 random_line 3 1000000000 10000 random_line 3 1000000000 10000 random_line 3 1000000000 10000 random_line 3 1000000000 10000 random_line 3 1000000000 10000 random_line 3 1000000000 10000 random_line 3 1000000000 10000 1
gencode 10 random_line 4 1000000000 10000 random_line 4 1000000000 10000 random_line 4 1000000000 10000 random_line 4 1000000000 10000 random_line 4 1000000000 10000 random_line 4 1000000000 10000 random_line 4 1000000000 10000 random_line 4 1000000000 10000 random_line 4 1000000000 10000 random_line 4 1000000000 10000 1
gencode 10 random_line 1000 1000000000 10000 random_line 1000 1000000000 10000 random_line 1000 1000000000 10000 random_line 1000 1000000000 10000 random_line 1000 1000000000 10000 random_line 1000 1000000000 10000 random_line 1000 1000000000 10000 random_line 1000 1000000000 10000 random_line 1000 1000000000 10000 random_line 1000 1000000000 10000 1
gencode 1 random_line 1000 1000000000 100000 1
gen-short-line 4 1000000000 1
gen-short-line 6 1000000000 1
gen-short-line 3 1000000000 1
gencode 10 binary_tree 1000 1000000000 10000 binary_tree 999 1000000000 10000 binary_tree 998 1000000000 10000 binary_tree 997 1000000000 10000 binary_tree 996 1000000000 10000 binary_tree 995 1000000000 10000 binary_tree 994 1000000000 10000 binary_tree 993 1000000000 10000 binary_tree 992 1000000000 10000 binary_tree 991 1000000000 10000 1
gencode 10 binary_tree 2 1000000000 10000 binary_tree 3 1000000000 10000 binary_tree 4 1000000000 10000 binary_tree 31 1000000000 10000 binary_tree 32 1000000000 10000 binary_tree 127 1000000000 10000 binary_tree 128 1000000000 10000 binary_tree 511 1000000000 10000 binary_tree 512 1000000000 10000 binary_tree 1000 1000000000 10000 1
gencode 10 binary_tree 2 1000000000 10000 binary_tree 2 1000000000 10000 binary_tree 2 1000000000 10000 binary_tree 2 1000000000 10000 binary_tree 2 1000000000 10000 binary_tree 2 1000000000 10000 binary_tree 2 1000000000 10000 binary_tree 2 1000000000 10000 binary_tree 2 1000000000 10000 binary_tree 2 1000000000 10000 1
gencode 10 binary_tree 3 1000000000 10000 binary_tree 3 1000000000 10000 binary_tree 3 1000000000 10000 binary_tree 3 1000000000 10000 binary_tree 3 1000000000 10000 binary_tree 3 1000000000 10000 binary_tree 3 1000000000 10000 binary_tree 3 1000000000 10000 binary_tree 3 1000000000 10000 binary_tree 3 1000000000 10000 1
gencode 10 binary_tree 4 1000000000 10000 binary_tree 4 1000000000 10000 binary_tree 4 1000000000 10000 binary_tree 4 1000000000 10000 binary_tree 4 1000000000 10000 binary_tree 4 1000000000 10000 binary_tree 4 1000000000 10000 binary_tree 4 1000000000 10000 binary_tree 4 1000000000 10000 binary_tree 4 1000000000 10000 1
gencode 1 binary_tree 1000 1000000000 100000 1
gencode 10 random_star 4 1000000000 10000 0 2 random_star 4 1000000000 10000 0 2 random_star 4 1000000000 10000 0 2 random_star 4 1000000000 10000 0 2 random_star 4 1000000000 10000 0 2 random_star 4 1000000000 10000 0 3 random_star 4 1000000000 10000 0 3 random_star 4 1000000000 10000 0 3 random_star 4 1000000000 10000 0 3 random_star 4 1000000000 10000 0 3 1
gencode 10 random_star 2 1000000000 1000 0 1 random_star 1000 1000000000 11000 0 1 random_star 1000 1000000000 11000 0 2 random_star 1000 1000000000 11000 10 3 random_star 1000 1000000000 11000 25 5 random_star 1000 1000000000 11000 0 10 random_star 1000 1000000000 11000 0 50 random_star 1000 1000000000 11000 5 100 random_star 1000 1000000000 11000 25 200 random_star 1000 1000000000 11000 125 500 1
gencode 10 random_star 1000 1000000000 10000 0 999 random_star 1000 1000000000 10000 0 200 random_star 1000 1000000000 10000 5 150 random_star 1000 1000000000 10000 100 100 random_star 1000 1000000000 10000 0 40 random_star 1000 1000000000 10000 5 30 random_star 1000 1000000000 10000 100 20 random_star 1000 1000000000 10000 0 3 random_star 1000 1000000000 10000 5 3 random_star 1000 1000000000 10000 100 3 1
gencode 1 random_star 1000 1000000000 100000 0 30 1
gen-special 10 1000000000 0 96 7685 1
gen-special 10 1000000000 0 541 321 1
gen-special 10 1000000000 0 1000 71415 1
gen-all-iso 0 10 1
gen-all-iso 10 20 1
gen-all-iso 20 30 1
gen-all-iso 30 40 1
gen-all-iso 40 46 1
gencode 10 inc_line 8 1000000000 10000 random_line 8 1000000000 10000 binary_tree 8 1000000000 10000 random_star 8 1000000000 10000 10 3 random_star 8 1000000000 10000 5 5 random_star 8 1000000000 10000 0 7 random_tree 8 1000000000 10000 -50 random_tree 8 1000000000 10000 -5 random_tree 8 1000000000 10000 5 random_tree 8 1000000000 10000 50 1
gencode 10 random_line 8 1000000000 10000 random_line 8 1000000000 10000 random_star 8 1000000000 10000 0 3 random_star 8 1000000000 10000 5 4 random_star 8 1000000000 10000 2 5 random_star 8 1000000000 10000 10 6 random_star 8 1000000000 10000 0 7 random_tree 8 1000000000 10000 -10 random_tree 8 1000000000 10000 0 random_tree 8 1000000000 10000 50 1
gencode 10 random_tree 8 1000000000 10000 -125 random_tree 8 1000000000 10000 -25 random_tree 8 1000000000 10000 -5 random_tree 8 1000000000 10000 -3 random_tree 8 1000000000 10000 -1 random_tree 8 1000000000 10000 1 random_tree 8 1000000000 10000 3 random_tree 8 1000000000 10000 5 random_tree 8 1000000000 10000 25 random_tree 8 1000000000 10000 125 1
gencode 10 random_tree 8 1000000000 10000 -125 random_tree 8 1000000000 10000 -25 random_tree 8 1000000000 10000 -5 random_tree 8 1000000000 10000 -3 random_tree 8 1000000000 10000 -1 random_tree 8 1000000000 10000 1 random_tree 8 1000000000 10000 3 random_tree 8 1000000000 10000 5 random_tree 8 1000000000 10000 25 random_tree 8 1000000000 10000 125 1
gencode 10 random_tree 8 1000000000 10000 -125 random_tree 8 1000000000 10000 -25 random_tree 8 1000000000 10000 -5 random_tree 8 1000000000 10000 -3 random_tree 8 1000000000 10000 -1 random_tree 8 1000000000 10000 1 random_tree 8 1000000000 10000 3 random_tree 8 1000000000 10000 5 random_tree 8 1000000000 10000 25 random_tree 8 1000000000 10000 125 1
small-tree-broken-line
gencode 10 inc_line 1000 1000000000 10000 random_line 1000 1000000000 10000 binary_tree 1000 1000000000 10000 random_star 1000 1000000000 10000 25 3 random_star 1000 1000000000 10000 5 30 random_star 1000 1000000000 10000 0 999 random_tree 1000 1000000000 10000 -50 random_tree 1000 1000000000 10000 -5 random_tree 1000 1000000000 10000 5 random_tree 1000 1000000000 10000 50 1
gencode 10 random_line 990 1000000000 10000 random_line 991 1000000000 10000 random_star 992 1000000000 10000 0 3 random_star 993 1000000000 10000 10 10 random_star 994 1000000000 10000 25 30 random_star 995 1000000000 10000 5 100 random_star 996 1000000000 10000 100 200 random_tree 997 1000000000 10000 -10 random_tree 998 1000000000 10000 0 random_tree 999 1000000000 10000 50 1
gencode 10 random_tree 1000 1000000000 10000 -125 random_tree 999 1000000000 10000 -25 random_tree 998 1000000000 10000 -5 random_tree 997 1000000000 10000 -3 random_tree 996 1000000000 10000 -1 random_tree 995 1000000000 10000 1 random_tree 994 1000000000 10000 3 random_tree 993 1000000000 10000 5 random_tree 992 1000000000 10000 25 random_tree 991 1000000000 10000 125 1
gencode 10 random_tree 1000 1000000000 10000 -125 random_tree 999 1000000000 10000 -25 random_tree 998 1000000000 10000 -5 random_tree 997 1000000000 10000 -3 random_tree 996 1000000000 10000 -1 random_tree 995 1000000000 10000 1 random_tree 994 1000000000 10000 3 random_tree 993 1000000000 10000 5 random_tree 992 1000000000 10000 25 random_tree 991 1000000000 10000 125 1
gencode 10 random_tree 990 1000000000 10000 -125 random_tree 991 1000000000 10000 -25 random_tree 992 1000000000 10000 -5 random_tree 993 1000000000 10000 -3 random_tree 994 1000000000 10000 -1 random_tree 995 1000000000 10000 1 random_tree 996 1000000000 10000 3 random_tree 997 1000000000 10000 5 random_tree 998 1000000000 10000 25 random_tree 999 1000000000 10000 125 1
gencode 10 random_tree 990 1000000000 10000 -125 random_tree 991 1000000000 10000 -25 random_tree 992 1000000000 10000 -5 random_tree 993 1000000000 10000 -3 random_tree 994 1000000000 10000 -1 random_tree 995 1000000000 10000 1 random_tree 996 1000000000 10000 3 random_tree 997 1000000000 10000 5 random_tree 998 1000000000 10000 25 random_tree 999 1000000000 10000 125 1
gencode 10 random_tree 1000 1000000000 10000 -125 random_tree 1000 1000000000 10000 -25 random_tree 1000 1000000000 10000 -5 random_tree 1000 1000000000 10000 -3 random_tree 1000 1000000000 10000 -1 random_tree 1000 1000000000 10000 1 random_tree 1000 1000000000 10000 3 random_tree 1000 1000000000 10000 5 random_tree 1000 1000000000 10000 25 random_tree 1000 1000000000 10000 125 1
gen-special 10 1000000000 0 731 213321 1
gen-special 10 1000000000 0 1000 321312 1
gen-special 10 1000000000 1 892 42131 1
gen-special 10 1000000000 1 1000 12402139 1
gen-special 10 1000000000 2 712 8786 1
gen-special 10 1000000000 2 1000 4444 1
gen-special 10 1000000000 3 905 331 1
gen-special 10 1000000000 3 1000 321712 1
