10
1 1000000000000000000
0
54 1234568987654321
9 6 10 8 9 10 8 8 9 9 9 11 14 0 0 0 0 0 0 0 0 0 0 0 0 0 0 0 0 0 0 0 0 0 0 0 0 0 0 0 0 0 0 0 0 0 0 0 0 0 0 0 0 0
24 23456789876543
9 9 10 8 9 9 9 8 8 7 9 10 13 0 0 0 0 0 0 0 0 0 0 0
33 26646465456
10 8 10 8 8 7 10 10 8 9 9 9 14 0 0 0 0 0 0 0 0 0 0 0 0 0 0 0 0 0 0 0 0
31 235457689
9 10 10 10 10 8 6 7 9 7 11 9 13 0 0 0 0 0 0 0 0 0 0 0 0 0 0 0 0 0 0
56 98625313
10 10 9 8 9 10 8 10 8 9 8 10 13 0 0 0 0 0 0 0 0 0 0 0 0 0 0 0 0 0 0 0 0 0 0 0 0 0 0 0 0 0 0 0 0 0 0 0 0 0 0 0 0 0 0 0
35 3546531369
9 8 8 10 8 9 8 10 9 8 9 9 14 0 0 0 0 0 0 0 0 0 0 0 0 0 0 0 0 0 0 0 0 0 0
21 68487681351
11 8 8 8 6 11 10 10 9 7 10 10 14 0 0 0 0 0 0 0 0
21 68786465165
10 10 8 9 10 10 8 9 8 8 9 10 14 0 0 0 0 0 0 0 0
56 46468468486
10 10 10 6 8 9 11 7 8 10 10 11 12 0 0 0 0 0 0 0 0 0 0 0 0 0 0 0 0 0 0 0 0 0 0 0 0 0 0 0 0 0 0 0 0 0 0 0 0 0 0 0 0 0 0 0
